<?xml version="1.0"?>
<root>
    <key>1.000000 0.000000 0.000000 0.000000 0.000000 1.000000 0.000000 0.000000 0.000000 0.000000 1.000000 0.000000 0.000000 0.000000 0.000000 1.000000    </key>
    <key>0.999998 0.000907 0.001894 0.000000 -0.000974 0.999346 0.036135 0.000000 -0.001860 -0.036137 0.999345 0.000000 0.000000 0.000000 0.000000 1.000000    </key>
    <key>0.999967 0.002727 0.007638 0.000000 -0.003764 0.990266 0.139134 0.000000 -0.007184 -0.139159 0.990244 0.000000 0.000000 0.000000 0.000000 1.000000    </key>
    <key>0.999845 0.003144 0.017311 0.000000 -0.008165 0.954457 0.298238 0.000000 -0.015585 -0.298333 0.954335 0.000000 0.000000 0.000000 0.000000 1.000000    </key>
    <key>0.999546 -0.001084 0.030098 0.000000 -0.013978 0.868493 0.495504 0.000000 -0.026677 -0.495700 0.868084 0.000000 0.000000 0.000000 0.000000 1.000000    </key>
    <key>0.998976 -0.013223 0.043263 0.000000 -0.021000 0.711493 0.702379 0.000000 -0.040069 -0.702569 0.710487 0.000000 0.000000 0.000000 0.000000 1.000000    </key>
    <key>0.998044 -0.035026 0.051781 0.000000 -0.029029 0.473928 0.880085 0.000000 -0.055367 -0.879867 0.471984 0.000000 0.000000 0.000000 0.000000 1.000000    </key>
    <key>0.996673 -0.064983 0.049190 0.000000 -0.037861 0.165307 0.985515 0.000000 -0.072173 -0.984099 0.162297 0.000000 0.000000 0.000000 0.000000 1.000000    </key>
    <key>0.994810 -0.097285 0.029803 0.000000 -0.047295 -0.182785 0.982015 0.000000 -0.090088 -0.978328 -0.186438 0.000000 0.000000 0.000000 0.000000 1.000000    </key>
    <key>0.992431 -0.122519 -0.008404 0.000000 -0.057127 -0.521153 0.851550 0.000000 -0.108711 -0.844624 -0.524207 0.000000 0.000000 0.000000 0.000000 1.000000    </key>
    <key>0.989544 -0.130379 -0.061674 0.000000 -0.067155 -0.794923 0.602982 0.000000 -0.127643 -0.592536 -0.795367 0.000000 0.000000 0.000000 0.000000 1.000000    </key>
    <key>0.986197 -0.113524 -0.120531 0.000000 -0.077176 -0.959203 0.271979 0.000000 -0.146490 -0.258923 -0.954725 0.000000 0.000000 0.000000 0.000000 1.000000    </key>
    <key>0.982473 -0.070761 -0.172452 0.000000 -0.086988 -0.992277 -0.088425 0.000000 -0.164863 0.101876 -0.981041 0.000000 0.000000 0.000000 0.000000 1.000000    </key>
    <key>0.978491 -0.007872 -0.206139 0.000000 -0.096391 -0.900922 -0.423140 0.000000 -0.182384 0.433909 -0.882303 0.000000 0.000000 0.000000 0.000000 1.000000    </key>
    <key>0.974403 0.064422 -0.215382 0.000000 -0.105184 -0.716086 -0.690041 0.000000 -0.198686 0.695033 -0.690980 0.000000 0.000000 0.000000 0.000000 1.000000    </key>
    <key>0.970386 0.134297 -0.200787 0.000000 -0.113167 -0.481610 -0.869048 0.000000 -0.213411 0.866035 -0.452150 0.000000 0.000000 0.000000 0.000000 1.000000    </key>
    <key>0.966640 0.192590 -0.168867 0.000000 -0.120142 -0.241344 -0.962974 0.000000 -0.226214 0.951137 -0.210155 0.000000 0.000000 0.000000 0.000000 1.000000    </key>
    <key>0.963376 0.234886 -0.129365 0.000000 -0.125911 -0.029709 -0.991597 0.000000 -0.236755 0.971569 0.000954 0.000000 0.000000 0.000000 0.000000 1.000000    </key>
    <key>0.960806 0.261397 -0.092320 0.000000 -0.130276 0.131789 -0.982680 0.000000 -0.244702 0.956192 0.160678 0.000000 0.000000 0.000000 0.000000 1.000000    </key>
    <key>0.959135 0.275131 -0.066058 0.000000 -0.133041 0.232471 -0.963461 0.000000 -0.249721 0.932877 0.259574 0.000000 0.000000 0.000000 0.000000 1.000000    </key>
</root>
